Overlap Matrix S:
   1.1236e-01            0            0            0   5.9444e-06  -1.8043e-05            0            0
            0   5.2119e-02            0            0   1.8043e-05  -5.1776e-05            0            0
            0            0   5.2119e-02            0            0            0   2.9704e-06            0
            0            0            0   5.2119e-02            0            0            0   2.9704e-06
   5.9444e-06   1.8043e-05            0            0   1.1236e-01            0            0            0
  -1.8043e-05  -5.1776e-05            0            0            0   5.2119e-02            0            0
            0            0   2.9704e-06            0            0            0   5.2119e-02            0
            0            0            0   2.9704e-06            0            0            0   5.2119e-02

gamma Matrix:
   31.0000   31.0000   31.0000   31.0000   31.0000   31.0000   31.0000   31.0000
   31.0000   31.0000   31.0000   31.0000   31.0000   31.0000   31.0000   31.0000
   31.0000   31.0000   31.0000   31.0000   31.0000   31.0000   31.0000   31.0000
   31.0000   31.0000   31.0000   31.0000   31.0000   31.0000   31.0000   31.0000
   31.0000   31.0000   31.0000   31.0000   31.0000   31.0000   31.0000   31.0000
   31.0000   31.0000   31.0000   31.0000   31.0000   31.0000   31.0000   31.0000
   31.0000   31.0000   31.0000   31.0000   31.0000   31.0000   31.0000   31.0000
   31.0000   31.0000   31.0000   31.0000   31.0000   31.0000   31.0000   31.0000

H_core Matrix (eV):
  -9.9262e+02            0            0            0  -1.8428e-04   5.5933e-04            0            0
            0  -9.9262e+02            0            0  -5.5933e-04   1.6050e-03            0            0
            0            0  -9.9262e+02            0            0            0  -9.2081e-05            0
            0            0            0  -9.9262e+02            0            0            0  -9.2081e-05
  -1.8428e-04  -5.5933e-04            0            0  -9.9262e+02            0            0            0
   5.5933e-04   1.6050e-03            0            0            0  -9.9262e+02            0            0
            0            0  -9.2081e-05            0            0            0  -9.9262e+02            0
            0            0            0  -9.2081e-05            0            0            0  -9.9262e+02

Final Fock Matrix Fa (eV):
  -1.2145e+03            0            0            0  -3.6855e-04   1.1187e-03            0            0
            0  -1.2145e+03            0            0  -1.1187e-03   3.2101e-03            0            0
            0            0  -1.2145e+03            0            0            0  -1.8416e-04            0
            0            0            0  -1.2145e+03            0            0            0  -1.8416e-04
  -3.6855e-04  -1.1187e-03            0            0  -1.2145e+03            0            0            0
   1.1187e-03   3.2101e-03            0            0            0  -1.2145e+03            0            0
            0            0  -1.8416e-04            0            0            0  -1.2145e+03            0
            0            0            0  -1.8416e-04            0            0            0  -1.2145e+03

Final Fock Matrix Fb (eV):
  -1.2145e+03            0            0            0  -3.6855e-04   1.1187e-03            0            0
            0  -1.2145e+03            0            0  -1.1187e-03   3.2101e-03            0            0
            0            0  -1.2145e+03            0            0            0  -1.8416e-04            0
            0            0            0  -1.2145e+03            0            0            0  -1.8416e-04
  -3.6855e-04  -1.1187e-03            0            0  -1.2145e+03            0            0            0
   1.1187e-03   3.2101e-03            0            0            0  -1.2145e+03            0            0
            0            0  -1.8416e-04            0            0            0  -1.2145e+03            0
            0            0            0  -1.8416e-04            0            0            0  -1.2145e+03

Final Density Matrix P_alpha:
   9.4642e-01  -1.5466e-01  -7.2409e-13   1.2938e-21   5.3578e-02  -1.5466e-01   1.4145e-11  -6.6365e-23
  -1.5466e-01   5.5358e-01  -2.0901e-12   3.7345e-21   1.5466e-01  -4.4642e-01   4.0830e-11  -1.9153e-22
  -7.2409e-13  -2.0901e-12   1.0000e+00  -5.9268e-17   7.2400e-13  -2.0901e-12  -3.7615e-17   5.3297e-17
   1.2938e-21   3.7345e-21  -5.9268e-17   1.0000e+00  -1.3671e-17  -3.9482e-17  -1.1220e-16   2.1661e-16
   5.3578e-02   1.5466e-01   7.2400e-13  -1.3671e-17   9.4642e-01   1.5466e-01  -1.4145e-11  -1.6951e-17
  -1.5466e-01  -4.4642e-01  -2.0901e-12  -3.9482e-17   1.5466e-01   5.5358e-01   4.0831e-11   3.5420e-18
   1.4145e-11   4.0830e-11  -3.7615e-17  -1.1220e-16  -1.4145e-11   4.0831e-11   1.0000e+00   7.9285e-18
  -6.6365e-23  -1.9153e-22   5.3297e-17   2.1661e-16  -1.6951e-17   3.5420e-18   7.9285e-18   1.0000e+00

Final Density Matrix P_beta:
   9.4642e-01  -1.5466e-01  -1.5303e-11  -4.1994e-20   5.3578e-02  -1.5466e-01   2.8724e-11   5.5248e-20
  -1.5466e-01   5.5358e-01   4.8692e-11  -8.1930e-21   1.5466e-01  -4.4642e-01  -9.9512e-12  -3.0154e-20
  -1.5303e-11   4.8692e-11   5.0000e-01   1.2041e-10  -2.7856e-10  -9.6504e-11   5.0000e-01   2.9204e-10
  -4.1994e-20  -8.1930e-21   1.2041e-10   5.0000e-01  -1.5249e-17  -1.7951e-17  -2.9204e-10   5.0000e-01
   5.3578e-02   1.5466e-01  -2.7856e-10  -1.5249e-17   9.4642e-01   1.5466e-01   2.6514e-10  -1.5143e-17
  -1.5466e-01  -4.4642e-01  -9.6504e-11  -1.7951e-17   1.5466e-01   5.5358e-01   1.3524e-10  -1.7911e-17
   2.8724e-11  -9.9512e-12   5.0000e-01  -2.9204e-10   2.6514e-10   1.3524e-10   5.0000e-01  -1.2041e-10
   5.5248e-20  -3.0154e-20   2.9204e-10   5.0000e-01  -1.5143e-17  -1.7911e-17  -1.2041e-10   5.0000e-01

Total Density Matrix P_total:
   1.8928e+00  -3.0931e-01  -1.6027e-11  -4.0701e-20   1.0716e-01  -3.0931e-01   4.2869e-11   5.5181e-20
  -3.0931e-01   1.1072e+00   4.6601e-11  -4.4585e-21   3.0931e-01  -8.9284e-01   3.0879e-11  -3.0345e-20
  -1.6027e-11   4.6601e-11   1.5000e+00   1.2041e-10  -2.7784e-10  -9.8594e-11   5.0000e-01   2.9204e-10
  -4.0701e-20  -4.4585e-21   1.2041e-10   1.5000e+00  -2.8920e-17  -5.7433e-17  -2.9204e-10   5.0000e-01
   1.0716e-01   3.0931e-01  -2.7784e-10  -2.8920e-17   1.8928e+00   3.0931e-01   2.5100e-10  -3.2095e-17
  -3.0931e-01  -8.9284e-01  -9.8594e-11  -5.7433e-17   3.0931e-01   1.1072e+00   1.7608e-10  -1.4369e-17
   4.2869e-11   3.0879e-11   5.0000e-01  -2.9204e-10   2.5100e-10   1.7608e-10   1.5000e+00  -1.2041e-10
   5.5181e-20  -3.0345e-20   2.9204e-10   5.0000e-01  -3.2095e-17  -1.4369e-17  -1.2041e-10   1.5000e+00

Electron Energy: -20529.9 eV
Total Energy ECNDO/2: -20100.8 eV
Nuclear Repulsion Energy: 429.083 eV
